0.819166873043695953349186 0.767157449907859945170685
0.215055886284892444626493 0.875945749307420196139162
0.963266741195648812379204 0.0935186405921179103595264
0.163228087303974006561091 0.292283050695828494625061
0.724801518409617484550722 0.145437206400796881222703
0.340371198003074026949832 0.0234890550811046212864586
0.977757569544037030695449 0.905714539855587585925889
0.0523808789738983565653641 0.524498790586032437310848
0.503600653048047908200147 0.857217898113038501151095
0.781017450969180848652229 0.176341694976203944289495
0.0183571059592955616868171 0.159027446751104001299026
0.349143660807716416094593 0.219980294362578349121051
0.962327105858462039655876 0.414089877631523051171314
0.765101241423020383969344 0.983296300236593090460246
0.707835543595519145476658 0.401469837700802911761855
0.889674303352562256819169 0.0764466959742597790272711
0.576679144316671110637174 0.584179107904169603315836
0.867314908306295317963475 0.179674847892934475002136
0.84866224897004094440689 0.929500956284217361158539
0.622075299724776153986738 0.856620322370275744106038
0.524288503578521969394899 0.835473628682278590673604
0.270479430222827221808046 0.0460150161728459516918832
0.254400749073569354408164 0.613772379297911840900781
0.95185300508384340645307 0.587162798856933232372057
0.98902013389793796971361 0.377773544950583628487806
0.286113084820968921473394 0.092698134514832622454783
0.643287162108435839336096 0.793589947471454060234919
0.526735794025032788567842 0.96384110356713192935274
0.457547640773718733431252 0.48764231554145548441781
0.953095549623001248029652 0.655675882969006362799291
0.641775238388654467591721 0.99753146979793927418001
0.279952524271838809610813 0.791906364497966031024134
0.131014302193623560777169 0.900574559794744655683019
0.748216837739110518512575 0.456185545113421020424482
0.403601478187468942770977 0.391717519349180476329053
0.842148565894834999490115 0.812413116873205942702896
0.187137590789215435549409 0.584306657914634985928615
0.373992833926637069374976 0.219212162326657883371084
0.220345101911001733929751 0.263302200992779122934451
0.851862159345799785370446 0.952455617591309700031843
0.404643642264522707119312 0.238978896831187392901796
0.148820411187334300517904 0.908952125294398949328922
0.308272481914790341672727 0.786857311179912644050205
0.100309822493929154396675 0.459001395056121197502108
0.401432556713336774478762 0.779362453321810311202
0.307428300682873578697496 0.320630294772432045125043
0.959195243461606672497055 0.844370761094378363686985
0.98902115815149671540496 0.221429601133922016042987
0.392940150355347683763796 0.839794755339762222234867
0.230551435345463989756709 0.288033945151069337153871
0.354838965566504849213914 0.154706951478726595361479
0.958618624276762032465626 0.867497337727000217277862
0.321324177193104854044492 0.774417759800855032281675
0.56616544856743555858003 0.369476511807652785446265
0.732853541689419407667572 0.58554440364077620095884
0.944956303222870830360591 0.686894534173481896566216
0.21526017811665085210926 0.935360891267852045949383
0.758456981628393922534315 0.521680372436108985567671
0.213444546486144304253685 0.785916733988497928642403
0.727197531816380360325525 0.142679127755634238550186
