Cube Coordinates:
(60, 60, 60), (60, 60, -60), (60, -60, -60), (60, -60, 60), (-60, 60, 60), (-60, 60, -60), (-60, -60, -60), (-60, -60, 60)
(60.0181, 60.0003, 59.9816), (57.8879, 62.0577, -59.9819), (59.9453, -57.9063, -62.0759), (62.0755, -59.9638, 57.8876), (-59.9453, 57.9063, 62.0759), (-62.0755, 59.9638, -57.8876), (-60.0181, -60.0003, -59.9816), (-57.8879, -62.0577, 59.9819)
(60.0359, 60.0013, 59.9628), (55.7415, 64.0777, -59.891), (59.8179, -55.7787, -64.1136), (64.1123, -59.8551, 55.7402), (-59.8179, 55.7787, 64.1136), (-64.1123, 59.8551, -55.7402), (-60.0359, -60.0013, -59.9628), (-55.7415, -64.0777, 59.891)
(60.0533, 60.0028, 59.9438), (53.5627, 66.058, -59.7274), (59.6179, -53.6189, -66.1113), (66.1085, -59.6741, 53.5599), (-59.6179, 53.6189, 66.1113), (-66.1085, 59.6741, -53.5599), (-60.0533, -60.0028, -59.9438), (-53.5627, -66.058, 59.7274)
Tetrahedron Coordinates:
(34.641, 0, 0), (0, 0, 48.9898), (-17.3205, 30, 0), (-17.3205, -30, 0)
(34.6305, 0.604477, -0.604569), (0.869651, -0.83994, 48.9749), (-17.8296, 29.6888, 0.825777), (-16.8009, -30.2933, -0.221208)
(34.5988, 1.21895, -1.19822), (1.75317, -1.6642, 48.9301), (-18.3185, 29.3546, 1.65476), (-16.2803, -30.5736, -0.456535)
(34.5461, 1.84287, -1.78042), (2.64976, -2.47202, 48.8556), (-18.7869, 28.9978, 2.48619), (-15.7593, -30.8407, -0.705766)
